hundred = 0.1 * 3600 / 9.58 ;
t = 2 + 1/60 + 39/3600;
marathon = 42.195 / t;
